241 
12 
97 
13 
177 
144 
124 
66 
143 
200 
88 
53 
145 
246 
194 
113 
254 
182 
229 
37 
211 
227 
69 
92 
33 
8 
35 
56 
221 
12 
12 
65 
12 
234 
74 
6 
236 
192 
26 
238 
2 
184 
9 
227 
127 
112 
203 
112 
1 
252 
17 
232 
98 
84 
63 
68 
3 
201 
230 
32 
85 
169 
39 
84 
169 
26 
5 
147 
194 
39 
124 
99 
187 
103 
72 
202 
72 
147 
86 
235 
2 
239 
138 
195 
239 
227 
188 
208 
122 
89 
251 
141 
58 
211 
78 
27 
236 
53 
3 
58 
204 
7 
155 
220 
43 
230 
11 
162 
203 
101 
117 
106 
22 
127 
254 
185 
58 
130 
142 
28 
121 
118 
152 
93 
98 
62 
255 
41 
185 
186 
29 
183 
136 
127 
225 
202 
161 
53 
118 
214 
217 
183 
118 
196 
74 
74 
18 
32 
128 
203 